Strain data points:
[0.      0.00105 0.0021  0.00295 0.00405 0.00495 0.0061  0.00695 0.0081
 0.00905 0.01005 0.0116  0.0132  0.0149  0.0174  0.02095 0.02515 0.0304
 0.0377  0.0474 ]
--------------------
Stress data points:
[ 0.    2.55  4.9   7.45 10.1  12.4  15.05 17.45 19.9  22.6  24.95 26.55
 27.4  28.1  27.55 25.9  23.95 20.1  14.95 10.1 ]
--------------------
Elastic strain from: 0.0 to 0.01005
Elastic stress from: 0.0 to 24.95
--------------------
Young's Modulus: 2482.587064676617